G1_CSFP200009002-1a_HNV2GDSXY_L3.srt.markDup.bam G1_CSFP200009002-1a_HNV2GDSXY_L3.srt.markDup.bam -0.167862 -0.0568279 0.0770277 0.00858862 0.000744427 -0.123445 0.105744 0.0847424 -0.0110547 -0.0687231 -0.227066 -0.578678 0.123577 0.0435707 0.680085 0.0460895 -0.0145913 -0.235986
G2_CSFP200009003-1a_HNV2GDSXY_L3.srt.markDup.bam G2_CSFP200009003-1a_HNV2GDSXY_L3.srt.markDup.bam -0.167156 -0.0572904 0.0775403 0.00826464 -0.00103893 -0.123588 0.104905 0.0854011 -0.012361 -0.051497 -0.157595 -0.540877 0.114709 -0.164587 -0.714317 -0.0216359 -0.0475957 -0.236018
Z1_CSFP200009004-1a_HNV2GDSXY_L3.srt.markDup.bam Z1_CSFP200009004-1a_HNV2GDSXY_L3.srt.markDup.bam -0.137502 0.0256262 0.030577 0.0164414 0.0668236 0.289748 -0.405987 0.398958 -0.0656959 0.697459 -0.137933 0.0314497 -0.0151875 0.0156766 0.000921184 -0.00522882 -4.92363e-06 -0.235656
Z2_CSFP200009005-1a_HNV2GDSXY_L3.srt.markDup.bam Z2_CSFP200009005-1a_HNV2GDSXY_L3.srt.markDup.bam -0.138258 0.0313892 0.0282166 0.0182951 0.0736387 0.306254 -0.426435 0.380929 -0.000950575 -0.687829 0.131449 0.0812532 0.00447284 0.00231158 -3.05831e-05 0.00295145 0.000469655 -0.235745
SRR1261482_MZM0703.srt.mp.markDup.bam SRR1261482_MZM0703.srt.mp.markDup.bam 0.477151 0.509502 0.641609 -0.209418 -0.00240267 -0.0104838 0.025692 -0.015189 -0.00258606 -0.00425824 -0.0228769 0.00367934 0.00271493 0.00478634 -0.00142091 0.000797186 -0.00404945 -0.235793
POOLED_SRR171875x_MZM0403.srt.mp.markDup.bam POOLED_SRR171875x_MZM0403.srt.mp.markDup.bam 0.390654 -0.227519 0.0326992 0.704112 -0.477449 0.122583 0.0196685 -0.00764642 -0.00130122 -0.00176759 -0.00148312 -0.00274075 0.00297098 0.00212458 0.000225096 -0.000714381 0.000605141 -0.23521
PRJNA221357_SRR1261480_GRZ_P0FA.markDup.bam PRJNA221357_SRR1261480_GRZ_P0FA.markDup.bam -0.159427 -0.0520338 0.0911759 0.00281292 -0.011218 -0.135154 0.123173 0.0367965 0.000623564 0.0908415 0.466873 0.0373094 0.0204706 -0.20264 0.0336715 0.071847 0.773087 -0.235756
PRJNA221357_SRR1261476_GRZ_BGI170.markDup.bam PRJNA221357_SRR1261476_GRZ_BGI170.markDup.bam -0.157321 -0.0543962 0.085871 0.00100479 -0.0152315 -0.139878 0.130248 0.0451797 -0.00368432 0.114584 0.57239 0.097909 0.0612408 -0.290133 0.0816371 0.178655 -0.627408 -0.235802
PRJNA221357_SRR1261474_GRZ_GRZ340.markDup.bam PRJNA221357_SRR1261474_GRZ_GRZ340.markDup.bam -0.160979 -0.0592166 0.0536188 0.00393565 -0.00401821 -0.131454 0.134037 -0.0196688 0.00304139 -0.0580181 -0.430182 0.516629 0.618835 -0.191382 0.0173209 -0.0281957 0.0180367 -0.236005
PRJNA221357_SRR1261472_GRZ_GRZ300.markDup.bam PRJNA221357_SRR1261472_GRZ_GRZ300.markDup.bam -0.164297 -0.0569318 0.0679237 0.0135782 -0.00241588 -0.137277 0.131194 0.00541202 0.0109177 -0.0748806 -0.374111 0.231402 -0.752266 -0.306958 0.0320258 0.112472 -0.0117779 -0.236013
PRJEB5837_MZZW0701_M002_genomic.mergedLanes.markDup.bam PRJEB5837_MZZW0701_M002_genomic.mergedLanes.markDup.bam -0.128761 0.03254 -0.0208383 0.00232138 0.0535581 0.205424 -0.20355 -0.624081 -0.669504 -0.0149047 0.0189444 -0.0379608 -0.00618425 -0.0084401 0.00158883 -0.00362878 -0.00405882 -0.235683
PRJEB5837_MZZW0701_M001_genomic.mergedLanes.markDup.bam PRJEB5837_MZZW0701_M001_genomic.mergedLanes.markDup.bam -0.127597 0.0346691 -0.0132947 0.00601802 0.0546463 0.210949 -0.222313 -0.526538 0.739555 0.0473911 0.00737828 -0.0559714 0.00725776 -0.0118695 0.000264706 0.00205007 -0.00756224 -0.235633
PRJEB5837_MZM0410_M013_genomic.mergedLanes.markDup.bam PRJEB5837_MZM0410_M013_genomic.mergedLanes.markDup.bam 0.0335071 0.412225 -0.461537 -0.0342726 0.0113729 0.487557 0.558253 0.0983268 0.000617887 0.000266958 0.00904669 -0.00835165 -0.00359816 -0.00384486 0.000161049 -0.000924635 0.00328023 -0.235392
PRJEB5837_MZM0410_M012_genomic.mergedLanes.markDup.bam PRJEB5837_MZM0410_M012_genomic.mergedLanes.markDup.bam 0.169594 0.418124 -0.527147 0.0390214 -0.0858788 -0.577175 -0.347846 0.011186 -0.00118351 0.0011659 0.00553494 -0.00478744 -0.000330365 -0.00197016 0.000529962 9.15932e-05 0.00237846 -0.235177
PRJEB5837_MZM0403_M007_genomic.mergedLanes.markDup.bam PRJEB5837_MZM0403_M007_genomic.mergedLanes.markDup.bam 0.464474 -0.351221 -0.126944 0.0781912 0.760092 -0.0466699 0.0550292 0.0115476 9.19168e-05 0.00290301 0.0107774 -0.00184908 -0.000239817 -0.00292594 0.000214455 0.000407867 0.00100008 -0.235501
PRJEB5837_MZM0403_M006_genomic.mergedLanes.markDup.bam PRJEB5837_MZM0403_M006_genomic.mergedLanes.markDup.bam 0.301986 -0.437696 -0.180922 -0.671176 -0.413068 0.0759845 -0.0446638 0.00957948 0.00209059 -0.00410344 -0.00364581 -0.00557159 -0.0079733 0.000765581 0.00059519 -0.00322346 0.00241405 -0.235342
PRJEB5837_GRZ_M005_genomic.mergedLanes.markDup.bam PRJEB5837_GRZ_M005_genomic.mergedLanes.markDup.bam -0.162999 -0.05435 0.0755449 0.00739578 -0.00482029 -0.13876 0.131207 0.0196661 0.00767318 0.0138761 0.124164 0.0998765 -0.127537 0.342538 0.00126469 -0.841052 -0.0745017 -0.235952
PRJEB5837_GRZ_M004_genomic.mergedLanes.markDup.bam PRJEB5837_GRZ_M004_genomic.mergedLanes.markDup.bam -0.162034 -0.0562938 0.0659574 0.005462 -0.00444123 -0.133789 0.130545 0.00511506 0.00386043 -0.00199102 0.00936242 0.13735 -0.0429 0.772704 -0.134551 0.489335 -0.00945223 -0.235973
