Astrocytes_Radial_Glia	Ependymal_cells	Erythrocytes	Microglia	NSPCs	Oligodendrocytes	OPCs	Vascular_smooth_muscle_cells	GABAergic_neurons	Granule_Excitatory_Neurons	Neurons_misc_1	Neurons_misc_2	Neurons_misc_3	Neurons_misc_4	Purkinje_cells	PV_interneurons
FY_CTL_rep1	0.0557148156913427	0.0148588091945494	0.0078865646220047	0.014175882678598	0.0192528690807467	0.0598911829538818	0.0194473660955123	0.00928264086021451	0.0409963387041866	0.190652257840551	0.00413749327820656	0.0755382067055658	0.0307088684499173	0.412418048004772	0.00152447311828903	0.043514182721661
FY_CTL_rep2	0.0466847537138835	0.0182344422037874	0.00577281136363095	0.0110756395153055	0.0176486291607241	0.0670446600434041	0.0222943168740611	0.00864942426390151	0.0446578488396174	0.200861362356809	0.00423884841043449	0.0532413125449503	0.0283284692681414	0.427960552815169	0.00160404807062893	0.0417028805555512
FY_CTL_rep3	0.0461234258916806	0.0178239748525519	0.0159262329316802	0.0172404540410541	0.0219072942086043	0.0592398743367276	0.0195781396385601	0.00935886965964013	0.0417350762663165	0.18043311393313	0.00422676986610047	0.0780570994180574	0.028512183704004	0.413635205654584	0.00148376775016047	0.0447185178471488
FO_CTL_rep1	0.0506049116242305	0.0191598585946545	0.0085406228743467	0.0182311351155079	0.0270036364975968	0.0463572967662726	0.017301617768457	0.0114703341937197	0.040898948445591	0.147480233326327	0.00428351902889597	0.113218944786513	0.0279270789735515	0.416984165761086	0.00157506709530229	0.0489626291479486
FO_CTL_rep2	0.0298319401287013	0.0122183356014603	0.0101461791439406	0.0178072614162663	0.0206721080310892	0.0699566183227382	0.0228524490676762	0.00638824174164597	0.042452839158988	0.221152065689695	0.00403510959850884	0.0618373038301124	0.0283887064621716	0.410280912000189	0.00151409543003825	0.0404658343767787
FO_CTL_rep3	0.0395907957845041	0.0125901979815914	0.00968494730529932	0.0181985198430052	0.0223671792733089	0.0587334824391106	0.0218189141295398	0.00818018903579223	0.0440342568482595	0.210788471452452	0.00443392983599306	0.0552905780447851	0.0293177755934807	0.421998101358668	0.00181522718576955	0.0411574338884411
FO_MIF_rep1	0.038970142837159	0.0105254031619123	0.00621038773268746	0.0112884566265691	0.0187273174760752	0.0645098132059066	0.0217385745765784	0.00703564538242166	0.0416990359135708	0.20107883039934	0.0040045073810928	0.0688986643919687	0.0315082389396013	0.428137675977188	0.00164727909226416	0.0440200269056648
FO_MIF_rep2	0.0576850592999556	0.0189239312268453	0.0128849509600787	0.0187177926768851	0.0193787477355887	0.0656989834418646	0.0175681716510378	0.0100957906779064	0.0427882918168513	0.169190971454423	0.00415199325589102	0.0817598899830847	0.0279104050583919	0.40475101536256	0.00119822409032704	0.0472957813083088
MY_CTL_rep1	0.0553511384059495	0.0206754540209722	0.0150487309774903	0.0142442228996866	0.0227416226106016	0.0607333134537911	0.0192063096765509	0.0103151823959328	0.0427793763116523	0.170535951463721	0.00420450226082375	0.0733824026634995	0.0282672024614419	0.418106315702857	0.00120357759594796	0.0432046970990823
MY_CTL_rep2	0.0525042451852512	0.0208596802341157	0.00614829402402681	0.0124885917794668	0.0200579763494639	0.0504673257638581	0.0191158396919129	0.0108939334606507	0.0428254584109249	0.167300423257512	0.00440343277501173	0.0877606139076993	0.0284348361496038	0.426942689481546	0.00192864408265945	0.0478680154462975
MY_CTL_rep3	0.0390813628926228	0.0106529222855989	0.0119150376483406	0.0172946356330815	0.0157421694930337	0.0703547167923904	0.0218697391434876	0.00638602790735689	0.0411270027720021	0.225466729734002	0.00408565234223391	0.0565583376338639	0.0306783099602737	0.405898707070764	0.00154995379309635	0.041338694897851
MY_CTL_rep4	0.0538061814575345	0.0147697475660281	0.0053053762075804	0.0130912275550194	0.0184820674542337	0.0699024986132021	0.0199046018635187	0.00888963559527282	0.0433807049256092	0.178735837814745	0.00406162083991039	0.0688895068566795	0.0300820037800913	0.424614558953092	0.00130841891415059	0.0447760116033317
MO_CTL_rep1	0.036826445281863	0.0117795705555944	0.0024025595725933	0.0138775370291974	0.0164478443296453	0.0698348176631943	0.0248715559588179	0.0057774271267204	0.0457488609634639	0.256852099948971	0.00433972722733584	0.028854166334273	0.0288676031242988	0.416184886852473	0.00174471567487283	0.0355901823566864
MO_CTL_rep2	0.0408769988266194	0.0161309442033644	0.00890116361354529	0.0162871749895493	0.02377024655361	0.0545935299172143	0.0200571823957062	0.00940784461717643	0.0399721576788449	0.175109890618732	0.0041311052716576	0.0970768063980525	0.0289767657229721	0.414973952386045	0.00189171370959832	0.0478425230973123
MO_CTL_rep3	0.0465899215404152	0.0148131964744191	0.0173967850257411	0.0253974987228239	0.024091596652433	0.0670568391544783	0.0186778427243031	0.00881730404703156	0.0419897918840641	0.183014727494753	0.00417064826531224	0.0741068313616161	0.0278731313784186	0.401014386240358	0.00121183689623825	0.043777662137595
MO_MIF_rep1	0.0361254327285534	0.0105851140693323	0.0121312534503491	0.0161488064255614	0.0240713907522754	0.0582591722703936	0.0198718486994948	0.00767552060534183	0.0407002181605008	0.179249324671773	0.00392718948826824	0.0851041026298628	0.0311049121259119	0.429275456246613	0.0015803789348087	0.0441898787409598
MO_MIF_rep2	0.0436746282651945	0.0169682244351	0.00655850429070764	0.0134935872030045	0.0190121144292836	0.0586301916997222	0.0207877302940614	0.00892712510046659	0.0425007897822492	0.203185106752846	0.00425344014852651	0.078936945039324	0.0278549187926822	0.409058467706486	0.00154013714605804	0.0446180889142877
MO_MIF_rep3	0.0516709516303187	0.0181838371771645	0.0105081663567115	0.0160956451540991	0.0242801982050862	0.0544574840591382	0.0188867868039247	0.0109864189131027	0.0430539341024128	0.162596541308854	0.0043128946998239	0.0841327868064264	0.0286124745658807	0.424137675527536	0.00149335054354424	0.0465908541459761
